# MVE view meta data is stored in INI-file syntax.
# This file is generated, formatting will get lost.

[camera]
focal_length = 0.8770337701
pixel_aspect = 1
principal_point = 0.5 0.5
rotation = 0.9977998734 -0.04418881238 0.05112240836 0.04627401382 0.9982250333 -0.04102610797 -0.0492724292 0.0433072336 0.9979419112
translation = 0.4111364782 -0.28762573 1.482809544

[view]
id = 12
name = 20
