# MVE view meta data is stored in INI-file syntax.
# This file is generated, formatting will get lost.

[camera]
focal_length = 0.8500580192
pixel_aspect = 1
principal_point = 0.5 0.5
rotation = 0.998385489 -0.04649609327 0.03347981349 0.04581930116 0.9989066124 0.01885972731 -0.03434555605 -0.01728955656 0.9994168282
translation = 0.1775588989 -0.1933254302 1.576238155

[view]
id = 19
name = 3
