# MVE view meta data is stored in INI-file syntax.
# This file is generated, formatting will get lost.

[camera]
focal_length = 0.8553014398
pixel_aspect = 1
principal_point = 0.5 0.5
rotation = 0.9979658723 -0.04997222498 0.0406477116 0.04911855981 0.9986968637 0.02146507427 -0.04170137271 -0.01939742081 0.999102056
translation = 0.213307336 -0.1962052435 1.620854378

[view]
id = 23
name = 7
