# MVE view meta data is stored in INI-file syntax.
# This file is generated, formatting will get lost.

[camera]
focal_length = 0.8515452743
pixel_aspect = 1
principal_point = 0.5 0.5
rotation = 0.9980395436 -0.05157132074 0.04468807951 0.05059890822 0.9989690781 0.01173081435 -0.04523124918 -0.009479501285 0.9994730949
translation = 0.1946162283 -0.1992857605 1.49373579

[view]
id = 24
name = 8
