# MVE view meta data is stored in INI-file syntax.
# This file is generated, formatting will get lost.

[camera]
focal_length = 0.8541251421
pixel_aspect = 1
principal_point = 0.5 0.5
rotation = 0.9978013039 -0.04554424062 0.04870743304 0.04487985745 0.999001801 0.0143887056 -0.049321495 -0.01216877531 0.9988485575
translation = 0.2060488313 -0.2084015608 1.561595201

[view]
id = 20
name = 4
