# MVE view meta data is stored in INI-file syntax.
# This file is generated, formatting will get lost.

[camera]
focal_length = 0.8623726964
pixel_aspect = 1
principal_point = 0.5 0.5
rotation = 0.9982774258 -0.04430662468 0.04021337628 0.04565768316 0.9985165596 -0.03491389379 -0.03864677995 0.03670556098 0.9988069534
translation = 0.2972997725 -0.1933244616 1.343463182

[view]
id = 4
name = 13
