# MVE view meta data is stored in INI-file syntax.
# This file is generated, formatting will get lost.

[camera]
focal_length = 0.8707714677
pixel_aspect = 1
principal_point = 0.5 0.5
rotation = 0.9976417422 -0.04676901922 0.05167091265 0.04900905862 0.9980139732 -0.04558633268 -0.04946946725 0.04798638448 0.9979467988
translation = 0.4122356176 -0.2366332114 1.376218081

[view]
id = 10
name = 19
