# MVE view meta data is stored in INI-file syntax.
# This file is generated, formatting will get lost.

[camera]
focal_length = 0.8500576019
pixel_aspect = 1
principal_point = 0.5 0.5
rotation = 0.9984081388 -0.04931690916 0.03142507374 0.04895778745 0.998955667 0.009438579902 -0.03188922629 -0.007937332615 0.9996293187
translation = 0.1742927581 -0.2029068619 1.495179057

[view]
id = 25
name = 9
