# MVE view meta data is stored in INI-file syntax.
# This file is generated, formatting will get lost.

[camera]
focal_length = 0.8744408488
pixel_aspect = 1
principal_point = 0.5 0.5
rotation = 0.9979385138 -0.04572536796 0.04950701445 0.04777940735 0.9981441498 -0.04063643888 -0.04755744338 0.04299818352 0.9980576038
translation = 0.3948199451 -0.2771742046 1.44893229

[view]
id = 8
name = 17
