# MVE view meta data is stored in INI-file syntax.
# This file is generated, formatting will get lost.

[camera]
focal_length = 0.8767676353
pixel_aspect = 1
principal_point = 0.5 0.5
rotation = 0.997202754 -0.04985088482 0.05745123327 0.05233077332 0.9977850318 -0.04641076922 -0.05505034328 0.04925795272 0.9975966811
translation = 0.4750702679 -0.2842113674 1.44885242

[view]
id = 14
name = 22
