# MVE view meta data is stored in INI-file syntax.
# This file is generated, formatting will get lost.

[camera]
focal_length = 0.8676817417
pixel_aspect = 1
principal_point = 0.5 0.5
rotation = 0.9981186986 -0.04359683767 0.04676612467 0.04539748281 0.9985386133 -0.03490222991 -0.04515849799 0.03691575676 0.9985321164
translation = 0.3586401939 -0.2521525025 1.425684452

[view]
id = 7
name = 16
