# MVE view meta data is stored in INI-file syntax.
# This file is generated, formatting will get lost.

[camera]
focal_length = 0.8698940873
pixel_aspect = 1
principal_point = 0.5 0.5
rotation = 0.9973404408 -0.04318686947 0.06047695875 0.04571048915 0.9981752038 -0.0455721803 -0.05844883621 0.0481829159 0.9974868894
translation = 0.4422108829 -0.2864697278 1.373442292

[view]
id = 13
name = 21
