# MVE view meta data is stored in INI-file syntax.
# This file is generated, formatting will get lost.

[camera]
focal_length = 0.8909347653
pixel_aspect = 1
principal_point = 0.5 0.5
rotation = 0.9977194667 -0.0401670821 0.05832832307 0.04478834569 0.996047616 -0.07854072005 -0.05497586355 0.08111800253 0.9953334332
translation = 0.5245879889 -0.3277483881 1.408123612

[view]
id = 17
name = 25
