# MVE view meta data is stored in INI-file syntax.
# This file is generated, formatting will get lost.

[camera]
focal_length = 0.8645141125
pixel_aspect = 1
principal_point = 0.5 0.5
rotation = 0.9984561801 -0.04722968116 0.03550301865 0.04846096784 0.9985727668 -0.03391339257 -0.03371392563 0.03557182848 0.9989619255
translation = 0.3057657778 -0.1791043878 1.364537716

[view]
id = 2
name = 11
