# MVE view meta data is stored in INI-file syntax.
# This file is generated, formatting will get lost.

[camera]
focal_length = 0.8472214937
pixel_aspect = 1
principal_point = 0.5 0.5
rotation = 0.9977449775 -0.04108022898 0.05330170691 0.04082773626 0.999222219 0.004889838863 -0.05346642435 -0.002703369828 0.9986451864
translation = 0.1852912307 -0.2183628678 1.462047935

[view]
id = 21
name = 5
