# MVE view meta data is stored in INI-file syntax.
# This file is generated, formatting will get lost.

[camera]
focal_length = 0.8809402585
pixel_aspect = 1
principal_point = 0.5 0.5
rotation = 0.997611165 -0.04589293152 0.05373266339 0.04798275605 0.9982326627 -0.03818966821 -0.0518925488 0.04068331793 0.9978500009
translation = 0.4024422169 -0.2747266889 1.54178834

[view]
id = 9
name = 18
