# MVE view meta data is stored in INI-file syntax.
# This file is generated, formatting will get lost.

[camera]
focal_length = 0.8674369454
pixel_aspect = 1
principal_point = 0.5 0.5
rotation = 0.9978309274 -0.0500244312 0.04530519247 0.05131311342 0.9983264804 -0.03469984978 -0.0435456112 0.036915984 0.9987204075
translation = 0.3660075665 -0.2160431147 1.420584798

[view]
id = 6
name = 15
