# MVE view meta data is stored in INI-file syntax.
# This file is generated, formatting will get lost.

[camera]
focal_length = 0.8958944678
pixel_aspect = 1
principal_point = 0.5 0.5
rotation = 0.9970700741 -0.04064092413 0.06811671704 0.0468288362 0.9950771332 -0.09077529609 -0.0639199242 0.09368406981 0.9937217832
translation = 0.5424470901 -0.3465369046 1.398287416

[view]
id = 18
name = 26
