# MVE view meta data is stored in INI-file syntax.
# This file is generated, formatting will get lost.

[camera]
focal_length = 0.8585425615
pixel_aspect = 1
principal_point = 0.5 0.5
rotation = 0.9984248877 -0.04773694277 0.03640493006 0.04774551839 0.9990424514 0.007744457573 -0.03671453521 -0.006049404852 0.9995898008
translation = 0.1532741487 -0.2211309671 1.564253926

[view]
id = 1
name = 10
