# MVE view meta data is stored in INI-file syntax.
# This file is generated, formatting will get lost.

[camera]
focal_length = 0.8583031893
pixel_aspect = 1
principal_point = 0.5 0.5
rotation = 0.9978268147 -0.04747377709 0.04691250622 0.04663176835 0.999122858 0.01411431842 -0.04757349193 -0.01190753188 0.9991619587
translation = 0.1923722327 -0.227021873 1.61730063

[view]
id = 22
name = 6
