# MVE view meta data is stored in INI-file syntax.
# This file is generated, formatting will get lost.

[camera]
focal_length = 0.866110146
pixel_aspect = 1
principal_point = 0.5 0.5
rotation = 0.9979695082 -0.04922093451 0.04235768318 0.05066910759 0.9983173013 -0.03464383259 -0.04063896462 0.03674025461 0.9987667203
translation = 0.372122705 -0.216310814 1.370097041

[view]
id = 5
name = 14
