# MVE view meta data is stored in INI-file syntax.
# This file is generated, formatting will get lost.

[camera]
focal_length = 0.8856828809
pixel_aspect = 1
principal_point = 0.5 0.5
rotation = 0.9979996085 -0.04160715267 0.05216254294 0.04493721947 0.9976405501 -0.05744224787 -0.04956036434 0.05962265655 0.997364223
translation = 0.4772774577 -0.3033363819 1.497497678

[view]
id = 16
name = 24
