# MVE view meta data is stored in INI-file syntax.
# This file is generated, formatting will get lost.

[camera]
focal_length = 0.8457442522
pixel_aspect = 1
principal_point = 0.5 0.5
rotation = 0.9988341331 -0.03701547906 0.03163888305 0.03622014821 0.9992204309 0.02448416874 -0.03255306557 -0.023296142 0.9993782043
translation = 0.07353248447 -0.1592440009 1.580774546

[view]
id = 0
name = 1
