# MVE view meta data is stored in INI-file syntax.
# This file is generated, formatting will get lost.

[camera]
focal_length = 0.8512043357
pixel_aspect = 1
principal_point = 0.5 0.5
rotation = 0.9985519648 -0.04411754385 0.03622477874 0.04332548752 0.9989600182 0.01887532882 -0.03704774752 -0.01737576537 0.9993326664
translation = 0.1524165422 -0.1927772611 1.571840763

[view]
id = 11
name = 2
