# MVE view meta data is stored in INI-file syntax.
# This file is generated, formatting will get lost.

[camera]
focal_length = 0.878491044
pixel_aspect = 1
principal_point = 0.5 0.5
rotation = 0.9972941279 -0.04919396713 0.05689246953 0.0519740507 0.9973951578 -0.05373036116 -0.05415154994 0.05650631338 0.9972371459
translation = 0.4929217994 -0.3131090105 1.411102653

[view]
id = 15
name = 23
