# MVE view meta data is stored in INI-file syntax.
# This file is generated, formatting will get lost.

[camera]
focal_length = 0.8619799018
pixel_aspect = 1
principal_point = 0.5 0.5
rotation = 0.998431623 -0.04213387892 0.03792114556 0.04356749728 0.9983850121 -0.04037171602 -0.03619227558 0.0419543758 0.9986496568
translation = 0.2947034836 -0.1862343997 1.282169104

[view]
id = 3
name = 12
